<?xml version="1.0"?>
<opencv_storage>
<homo2 type_id="opencv-matrix">
  <rows>3</rows>
  <cols>3</cols>
  <dt>f</dt>
  <data>
    2.19943643e+00 -3.83233637e-01 -4.78138367e+02 -1.26290871e-02
    8.31819057e-01 -2.45082123e+02 5.94551275e-05 -1.35908567e-03 1.</data></homo2>
</opencv_storage>
