<?xml version="1.0"?>
<opencv_storage>
<distortion type_id="opencv-matrix">
  <rows>5</rows>
  <cols>1</cols>
  <dt>f</dt>
  <data>
    -1.31223453e-02 1.05222380e-02 -7.09955522e-04 1.53783883e-03
    -6.52045850e-03</data></distortion>
</opencv_storage>
