<?xml version="1.0"?>
<opencv_storage>
<intrinsics type_id="opencv-matrix">
  <rows>3</rows>
  <cols>3</cols>
  <dt>d</dt>
  <data>
    2.2724121258035075e+02 0. 3.2462474413950218e+02 0.
    2.2723185234836342e+02 2.3269820975198056e+02 0. 0. 1.</data></intrinsics>
</opencv_storage>
