<?xml version="1.0"?>
<opencv_storage>
<distortion type_id="opencv-matrix">
  <rows>4</rows>
  <cols>1</cols>
  <dt>d</dt>
  <data>
    -1.3997242426452668e-02 5.4200031911404590e-03
    -1.4651014487933743e-03 2.7294221823127348e-03</data></distortion>
</opencv_storage>
